Stock growth:
 TRXC: 0.614911096400139%
  VFF:0.20215631607250378%
 CDLX:0.15108400670035146%

